1 volkswagen passat 2014 12000 0 89000 0
2 volvo xc40 2020 120000 1 50000 1
3 vw golf 2012 50000 0 120000 0
4 porsche panamera 2010 89000 0 88000 1
5 chrysler pacifica 2004 16700 0 288000 0
6 mercedes-benz klasaS 2009 79000 0 320000 1
7 audi a4 2012 48900 0 208000 0
8 ford mustang 2014 59999 0 44000 1
9 kia picanto 2018 36900 0 11140 0
10 kia optima 2018 84900 0 48560 0
11 volvo v60 2018 159900 0 2400 1
12 opel astra 2017 48900 0 97424 0
13 kia ceed 2015 44900 0 105192 0
14 kia sportage 2013 64335 0 43690 0
15 ford fiesta 2015 32000 0 75004 1
16 volkswagen passat 2019 209900 1 1 1
17 seat leon 2020 95900 1 5 0
18 hyundai i20 2019 50499 1 1 0
19 ford mondeo 2020 143050 1 1 0
20 mini coopercabrio 2019 124900 1 5 1
21 volkswagen polo 2019 109900 1 1 1
22 volkswagen touran 2011 33900 0 168351 0
23 skoda octavia 2016 54900 0 14800 0
24 skoda fabia 2009 13900 0 186000 0
25 honda civic 2014 49200 0 44000 0
26 jeep renegade 2015 67500 0 31000 1
27 hyundai i30 2018 58500 0 27700 0
28 citroen c4 2011 25500 0 88300 0
29 volkswagen passat 2015 47900 0 143704 1
30 hyundai i20 2019 42900 0 30000 0
31 audi a4 2017 99999 0 34000 0
32 audi a5 2019 159900 0 5 1
33 volvo v60 2016 65900 0 110447 1
34 fiat 500l 2018 47900 0 14780 0
35 dacia sandero 2018 34600 0 6500 0
36 volkswagen golf 2002 7999 0 196200 0
37 volksvagen golfVII 2019 89690 0 1 0
38 seat toledo 2006 8999 0 195094 0
39 hyundai lx35 2015 53900 0 81000 0
40 volkswagen arteon 2019 227900 0 1 0
41 opel vivaro 2009 25700 0 229500 0
42 bmw x6 2016 189000 0 90000 0
43 mitsubishi lancer 2012 27900 0 173950 0
44 audi q7 2015 179800 0 112800 0
45 peugeot partner 2016 33900 0 179000 0
46 skoda fabia 2013 10000 0 270000 0
47 volvo xc90 2019 108200 0 4700 0
48 audi a4 2010 20900 0 223423 0
49 nissan x-trail 2015 69900 0 63000 1
50 peugeot 807 2005 9999 0 201000 0
51 mercedes-benz amg 2015 129900 0 66000 0
52 ford s-max 2016 99900 0 85900 0
53 bmw x5 2018 299990 0 24000 1
54 volkswagen golf 2019 76900 0 1 0
55 bmw x1 2019 325000 0 1 1
56 bmw m3 2015 176000 0 57000 0
57 toyota taris 2014 3900 0 37100 0
58 volvo xc90 2006 24900 0 291000 0
59 toyota auris 2013 41900 0 63333 0
60 ford c-max 2009 17600 0 231500 0
61 suzuki sx4 2015 38918 0 198540 0
62 opel corsa 2009 10900 0 180000 0
63 ford focus 2010 18900 0 162000 0
64 renault kadjar 2016 53900 0 136800 0
65 audi a3 2007 15500 0 197300 0
66 audi a4 2008 10000 0 197131 1
67 toyota avensis 2004 7900 0 220000 0
68 bmw x6 2015 246000 0 29000 0
69 volvo v40 2016 49900 0 161300 1
70 peugeot 107 2008 9990 0 156700 0
71 alfa-romeo 159 2008 23500 0 191000 0
72 bmw e46 2002 9000 0 131000 0
73 skoda superb 2019 131200 0 1 0
74 kia ceed 2012 22500 0 168000 0
75 mercedes-benz c220d 2019 169999 0 1 0
76 bmw 520d 2012 41600 0 180000 0
77 bmw 428i 2015 58000 0 87000 1
78 peugeot partner 2013 29300 0 95000 0
79 toyota auris 2013 41900 0 63333 0
80 audi a3 2016 66900 0 65000 0
81 ford cmax 2009 17600 0 231500 1
82 suzuki sx4 2015 38918 0 198540 0
83 citroen xsara 2002 3900 0 224000 0
84 opel corsa 2009 10900 0 180000 0
85 ford focus 2010 18900 0 162000 0
86 renault kadjar 2016 53900 0 136800 0
87 audi a3 2007 15500 0 197350 0
88 audi a4 2008 10000 0 197131 1
89 toyota avensis 2004 7900 0 220000 0
90 audi a5 2010 56900 0 172000 0
91 peugeot 107 2008 9990 0 72375 0
92 subaru legacy 2009 19500 0 171000 1
93 alfaromeo 159 2008 23500 0 191000 0
94 citroen c5 2013 25900 0 142500 0
95 ford focus 2014 27800 0 140000 1
96 suzuki swift 2008 11000 0 140058 0
97 volvo v40 2016 49900 0 161300 1
98 mazda 6 2008 16900 0 269000 0
99 mitsubishi lancer 2012 27900 0 173950 0
100 skoda fabia 2013 10000 0 270000 1
101 subaru legacy 2009 19500 0 171000 0