1 volkswagen passat 2014 12000 0 89000 0
2 volvo xc40 2020 120000 1 50000 1
3 vw golf 2012 50000 0 120000 0
4 porsche panamera 2010 89000 0 88000 1
5 chrysler pacifica 2004 16700 0 288000 0
6 mercedes-benz klasaS 2009 79000 0 320000 1
7 audi a4 2012 48900 0 208000 0
8 ford mustang 2014 59999 0 44000 1
9 kia picanto 2018 36900 0 11140 0
10 kia optima 2018 84900 0 48560 0
11 volvo v60 2018 159900 0 2400 1
12 opel astra 2017 48900 0 97424 0
13 kia ceed 2015 44900 0 105192 0
14 kia sportage 2013 64335 0 43690 0
15 ford fiesta 2015 32000 0 75004 1
16 volkswagen passat 2019 209900 1 1 1
17 seat leon 2020 95900 1 5 0
18 hyundai i20 2019 50499 1 1 0
19 ford mondeo 2020 143050 1 1 0
20 mini coopercabrio 2019 124900 1 5 1
21 volkswagen polo 2019 109900 1 1 1
22 volkswagen touran 2011 33900 0 168351 0
23 skoda octavia 2016 54900 0 14800 0